4 4
0 2 0 3 5 0 0 0 13 0 0 0 12 0 0 11
0 6 0 0 0 2 12 0 0 8 15 3 4 0 14 0
0 0 12 14 0 4 8 0 0 0 16 0 0 0 0 0
0 0 0 11 0 0 0 0 0 2 0 10 0 0 6 16
0 14 8 0 0 0 4 0 12 0 13 0 0 0 0 1
0 0 5 0 3 15 0 0 9 0 0 1 6 14 0 12
15 0 0 0 12 0 6 1 0 14 0 0 10 0 0 0
0 0 1 9 8 0 0 0 0 0 4 0 16 15 11 0
0 0 7 0 0 0 0 0 0 0 0 0 0 0 0 15
2 0 11 13 6 14 0 0 3 0 7 0 0 0 5 0
0 0 0 0 4 8 0 5 0 0 0 0 0 6 13 0
3 10 15 8 1 0 0 0 6 16 9 0 2 11 0 0
0 0 6 15 0 12 0 8 0 0 1 0 0 10 2 0
0 0 16 0 0 1 0 0 0 0 0 0 0 0 0 0
0 0 0 0 0 3 13 14 2 5 0 7 15 0 0 8
11 4 2 0 15 0 10 6 8 12 0 13 0 1 0 0
