6 6
0 21 33 0 0 0 2 0 0 14 25 0 23 0 0 18 0 0 0 30 0 15 5 0 0 22 24 16 1 19 0 0 28 0 7 11 
0 31 8 32 0 0 20 0 0 0 23 0 0 0 0 0 7 0 3 0 2 0 0 13 0 0 0 0 0 0 0 0 29 0 30 26 
0 0 12 0 30 0 15 0 0 0 0 0 34 0 0 33 25 0 11 0 9 0 0 0 0 0 0 0 0 0 23 0 0 0 0 0 
0 29 20 0 0 16 36 35 5 0 0 0 31 30 0 0 0 0 0 0 0 0 4 0 25 9 0 0 0 0 0 0 0 12 0 0 
0 22 0 2 0 0 0 1 13 0 0 29 0 8 0 0 32 28 0 0 18 0 0 34 6 0 0 7 0 5 0 0 0 0 0 0 
0 0 24 0 25 0 0 28 0 19 0 26 0 0 16 10 0 11 0 0 0 0 0 21 0 0 0 14 18 0 36 6 32 9 4 22 
0 0 0 0 8 1 0 0 0 27 0 0 9 0 0 0 0 0 0 0 0 33 0 29 0 0 0 35 0 0 0 0 6 0 0 0 
0 0 2 0 0 0 0 15 0 0 31 0 0 7 3 0 0 0 0 0 8 0 18 0 30 0 0 0 4 0 28 0 0 17 0 13 
21 13 0 0 0 0 0 0 30 0 0 0 0 0 0 2 29 1 0 0 0 0 0 4 33 20 0 15 25 0 0 0 0 31 0 0 
5 0 0 3 0 14 0 0 0 13 11 0 18 35 4 0 12 0 9 19 0 0 34 0 0 0 6 0 0 17 30 0 1 0 23 0 
36 0 34 0 33 0 0 0 22 0 16 24 10 0 0 0 11 0 0 2 1 0 0 0 32 0 5 26 0 23 0 3 0 15 0 0 
0 25 0 16 0 0 0 0 0 34 6 0 0 0 0 17 0 0 0 21 0 22 26 0 0 0 13 24 0 14 0 18 0 0 0 0 
0 0 22 5 28 0 0 3 21 11 0 36 0 0 0 0 0 0 0 0 0 26 14 7 8 0 0 0 0 0 0 12 0 24 0 0 
0 0 0 0 0 0 0 8 0 9 18 0 0 11 1 0 0 0 10 0 5 0 0 0 12 0 21 0 0 31 32 0 0 0 0 0 
0 30 0 0 0 0 0 14 0 0 0 0 0 0 0 0 0 23 0 0 0 28 27 0 0 0 19 29 9 15 0 8 20 0 21 0 
0 17 18 0 0 0 31 0 0 0 0 32 0 5 0 21 34 4 0 0 0 0 11 0 28 0 0 0 0 25 33 0 0 30 15 0 
0 19 35 0 10 29 0 0 0 22 0 0 0 0 0 0 0 0 0 0 36 0 0 0 11 0 17 0 34 0 4 0 0 0 0 0 
16 0 31 11 0 0 27 0 7 0 0 34 0 0 10 0 0 32 2 0 30 0 9 0 0 0 3 0 0 0 6 0 0 19 14 0 
0 0 0 0 0 10 0 0 4 0 35 8 6 1 0 9 5 0 0 0 0 0 0 0 0 0 0 0 0 0 29 15 0 0 0 0 
6 0 0 0 26 13 0 0 0 0 0 0 0 18 0 4 0 0 0 0 35 0 0 0 17 0 0 36 0 0 0 0 0 0 27 0 
7 24 15 23 0 5 0 0 0 0 0 0 14 32 0 0 21 30 26 0 0 0 28 0 0 29 4 0 0 1 0 13 2 0 0 0 
0 0 0 0 31 0 0 27 0 23 0 0 29 2 0 36 0 16 0 9 19 0 12 0 0 0 0 0 0 32 7 0 0 0 11 0 
0 9 0 0 0 32 0 0 0 0 0 0 12 17 0 24 0 0 0 0 15 0 0 0 7 0 0 10 11 0 0 0 0 0 25 0 
0 11 0 0 0 0 0 0 0 0 3 0 0 0 34 0 15 0 0 0 0 32 24 0 9 6 0 0 0 0 0 17 0 0 20 0 
0 0 36 0 16 0 0 0 35 15 0 0 30 0 23 0 0 14 0 0 0 0 0 0 0 5 10 28 0 0 0 0 17 29 0 0 
22 0 0 0 23 0 0 0 19 18 20 0 33 0 35 0 2 0 0 31 0 13 7 0 0 0 0 0 0 16 24 0 0 0 1 12 
14 0 0 0 0 0 3 12 0 0 27 0 0 15 0 11 0 13 0 0 33 0 0 0 0 36 0 0 26 0 0 30 0 0 5 0 
0 0 0 0 0 0 0 0 11 0 0 0 0 0 27 0 0 0 0 0 0 0 8 0 0 0 0 12 0 0 0 0 13 0 0 3 
0 0 0 0 0 28 0 0 0 0 0 9 0 12 8 32 0 0 4 0 14 0 0 0 21 17 22 0 0 0 0 0 7 0 0 0 
0 0 0 0 21 0 0 0 0 0 8 0 5 24 0 0 0 25 0 0 12 0 0 16 0 0 30 34 6 2 0 32 0 0 0 10 
27 12 0 0 0 0 0 0 0 2 22 23 0 0 0 5 28 36 0 35 31 3 0 0 34 0 0 0 0 0 0 0 0 0 0 0 
0 0 0 36 0 0 5 7 0 6 0 16 0 0 0 14 35 0 0 0 0 0 33 0 0 12 0 1 0 0 0 11 0 0 0 15 
0 0 0 0 24 0 0 0 8 0 0 0 0 10 17 0 0 0 7 25 0 16 0 0 19 0 0 0 20 0 0 2 31 0 32 0 
29 2 0 9 18 4 0 0 24 0 0 0 0 0 20 16 0 0 1 0 0 0 13 0 22 0 0 0 0 0 0 0 36 34 0 0 
0 3 13 0 0 0 0 0 12 25 0 0 0 0 0 0 0 0 0 0 27 0 0 0 15 31 0 21 0 0 19 33 10 0 0 35 
0 0 0 0 6 23 35 0 10 0 9 30 13 33 24 0 4 2 0 36 0 34 0 15 0 0 0 11 29 0 27 14 12 0 0 0 
