6 6
22 0 12 0 0 30 0 14 21 28 24 0 0 33 0 35 25 4 15 0 0 10 11 0 0 0 0 0 0 5 19 31 0 0 23 0 
11 0 0 0 9 0 0 18 0 0 0 4 0 0 2 0 13 0 0 0 0 0 0 0 0 0 0 0 0 32 29 16 0 12 0 0 
26 33 3 32 0 0 0 0 20 10 0 11 0 0 0 0 0 7 22 34 0 0 0 2 0 12 0 8 0 0 30 0 0 1 0 0 
1 0 0 0 0 0 19 34 33 22 0 0 32 0 14 0 0 0 0 23 0 0 35 0 4 24 3 0 15 0 5 18 26 0 0 10 
0 0 0 7 0 0 25 29 13 0 0 32 21 0 0 16 0 0 0 0 28 17 0 0 0 6 0 0 0 34 0 9 0 0 0 11 
16 29 0 0 0 2 0 0 0 1 35 9 8 34 0 0 0 3 0 0 12 36 0 0 0 0 0 19 0 0 0 0 4 0 0 0 
36 0 0 0 13 32 0 0 0 14 0 6 0 0 0 24 0 8 0 0 31 0 0 0 23 7 9 34 0 0 0 0 0 0 30 0 
0 22 0 0 19 0 0 0 32 20 0 0 36 0 0 25 29 0 0 5 0 0 0 0 27 26 0 17 0 0 7 24 18 10 0 3 
0 0 0 26 0 9 0 0 0 0 0 17 27 23 0 18 0 20 0 6 29 0 0 0 0 0 0 12 33 0 0 0 0 0 0 0 
0 7 33 0 0 0 0 25 22 36 0 0 11 0 0 17 0 12 20 0 0 0 0 0 0 30 0 0 0 13 0 0 15 0 19 0 
0 0 0 2 0 0 0 0 0 0 16 1 19 0 0 0 0 21 0 4 0 0 30 22 15 11 0 18 31 0 0 0 8 28 25 34 
0 0 25 18 1 0 0 0 0 0 0 30 0 0 31 0 0 0 0 11 0 0 0 10 0 0 19 14 16 6 23 33 0 0 32 0 
0 0 0 34 7 1 0 23 6 0 0 24 0 11 0 22 0 0 0 0 0 0 0 30 0 16 0 29 0 3 0 0 0 0 36 0 
28 0 0 0 23 22 0 10 0 0 0 0 33 0 3 0 1 0 4 26 0 0 27 0 0 0 0 11 0 0 0 0 0 0 14 0 
0 27 0 6 0 0 32 0 0 0 0 0 0 9 0 0 2 0 35 19 0 0 31 8 33 0 12 0 26 36 24 4 16 0 0 13 
4 14 36 0 0 0 0 0 29 0 11 27 0 32 13 0 10 15 0 28 0 34 24 5 0 0 0 30 20 0 0 0 35 0 0 0 
0 21 0 0 29 20 30 13 0 0 0 19 24 4 0 0 0 0 0 0 11 7 0 0 0 35 0 0 0 0 34 0 9 0 0 0 
0 0 0 0 10 0 0 0 0 0 0 35 0 0 29 0 0 27 0 0 32 0 18 17 0 0 15 0 0 0 3 0 0 0 0 2 
0 0 0 23 16 0 3 0 0 0 33 0 12 0 0 11 4 5 10 8 0 0 0 0 0 29 14 0 0 0 0 0 31 7 0 36 
0 0 0 33 27 0 0 35 0 0 7 0 3 31 0 0 0 25 1 0 0 16 0 0 0 10 20 0 36 0 0 0 0 6 0 0 
2 0 0 25 0 12 0 22 14 0 0 0 0 27 18 0 0 9 0 0 0 0 0 0 0 0 0 0 0 0 0 26 0 0 10 0 
19 0 35 0 36 31 0 0 0 0 12 0 30 0 8 0 0 0 0 0 13 9 0 3 0 0 33 0 0 4 32 0 11 5 0 27 
29 0 0 0 0 8 36 0 0 18 0 26 0 0 0 0 14 0 28 0 0 0 17 0 6 0 0 15 24 16 0 0 0 0 34 0 
0 0 0 10 0 11 0 0 0 0 0 25 35 0 0 0 0 16 2 27 21 0 15 31 0 5 13 0 18 0 12 0 19 0 0 0 
15 20 29 36 12 0 0 0 0 0 3 0 0 14 0 0 27 30 18 0 6 0 13 0 0 0 0 0 0 23 0 0 0 0 26 0 
0 26 19 0 0 0 16 0 0 0 31 0 0 0 0 34 0 0 0 24 0 35 0 11 18 25 0 0 32 9 0 1 0 0 6 0 
0 32 8 0 4 0 0 0 0 6 0 34 0 22 0 0 9 0 23 25 0 14 0 29 0 0 0 16 3 0 28 36 27 0 0 0 
0 17 31 0 0 0 0 0 0 0 32 29 10 0 0 33 0 0 0 7 0 0 0 0 0 0 0 0 14 26 0 0 0 2 0 0 
0 0 0 16 6 0 0 28 0 0 0 15 0 0 0 4 0 13 19 20 0 0 33 32 0 0 0 0 7 0 0 0 0 0 11 21 
0 34 0 11 0 0 0 30 0 0 10 5 15 17 0 26 0 0 0 0 0 12 0 1 0 19 24 0 0 0 18 0 13 23 0 0 
31 4 0 0 0 0 0 0 0 9 0 0 25 7 10 0 0 33 21 0 0 0 16 0 0 34 0 0 0 0 15 19 29 22 0 20 
0 18 7 0 0 3 0 26 4 11 0 2 0 0 1 0 0 0 0 31 0 0 0 33 0 0 6 0 0 8 0 0 30 36 5 0 
0 0 0 1 0 15 14 0 0 34 0 0 0 16 0 0 21 2 0 0 0 0 3 0 5 0 4 0 0 19 0 0 6 0 0 24 
0 8 0 0 24 0 5 0 0 0 15 0 0 26 0 23 6 0 29 0 17 0 0 0 30 1 0 25 0 21 0 10 7 0 0 0 
21 10 0 0 0 23 0 19 8 32 29 0 0 0 0 0 24 0 6 0 0 0 0 9 0 31 0 0 0 0 0 28 0 0 35 0 
9 0 28 0 35 0 17 7 18 0 0 22 0 0 0 0 36 0 0 0 0 0 5 0 0 0 0 0 23 0 27 32 25 0 33 0 
