6 6
34 11 25 0 9 0 0 32 7 17 0 0 0 0 14 21 0 0 0 0 1 2 8 0 29 0 0 20 0 0 26 15 0 0 0 0 
4 0 26 0 0 0 0 22 19 11 0 0 0 0 0 3 0 12 34 0 0 32 0 9 8 35 2 0 0 0 0 0 0 0 18 0 
24 0 0 0 23 32 0 0 0 27 0 0 35 15 0 0 0 0 0 3 0 21 0 0 33 14 0 0 0 26 4 0 0 25 17 0 
17 18 0 0 3 29 0 31 0 0 0 0 22 0 0 0 4 0 0 0 0 35 25 33 0 0 0 0 0 13 6 0 7 0 20 0 
33 0 0 0 0 0 0 0 0 0 24 5 6 0 19 9 0 0 0 0 0 23 28 0 0 0 0 36 0 0 0 0 0 29 0 10 
0 14 28 0 0 0 0 10 0 0 0 0 0 0 0 0 17 25 0 31 27 0 13 4 0 0 0 15 19 0 0 9 0 0 21 30 
29 0 3 2 16 22 0 12 0 0 0 0 0 0 0 0 0 0 17 5 0 0 0 19 21 23 20 0 28 0 8 0 0 0 0 26 
0 0 27 19 35 11 0 0 0 0 0 0 0 0 0 0 21 0 0 24 0 0 0 10 0 16 0 0 12 4 0 28 0 32 0 0 
13 24 0 7 6 0 20 0 0 0 0 11 8 0 0 0 19 0 30 0 12 0 0 0 0 9 0 0 0 36 0 31 10 0 1 33 
0 15 20 0 17 34 0 0 0 0 26 24 0 0 0 2 7 29 25 0 3 0 0 6 18 31 0 0 0 0 0 22 0 23 0 0 
26 0 0 0 0 0 29 4 0 0 2 17 0 0 9 20 28 33 0 0 0 0 0 0 0 0 8 25 0 0 0 16 24 12 0 3 
0 33 21 28 0 0 0 0 14 0 0 18 16 0 32 0 3 10 0 23 4 0 36 7 6 0 30 0 0 0 0 17 0 0 2 13 
0 0 0 33 0 0 0 14 0 0 0 23 27 5 25 0 0 0 0 0 21 24 0 0 32 0 34 0 17 2 0 0 9 0 0 0 
0 0 0 0 1 30 0 15 3 29 0 0 0 0 13 10 24 0 26 0 0 0 6 0 14 22 9 0 35 0 16 19 0 0 28 27 
0 0 9 25 0 3 4 13 0 0 0 12 19 0 0 29 31 0 10 1 0 34 0 36 27 0 0 16 0 0 0 0 0 17 26 23 
0 0 0 0 0 19 0 17 26 36 21 0 0 0 0 0 0 0 12 0 0 0 23 0 0 13 0 0 33 24 0 0 18 4 0 32 
11 0 0 6 0 0 10 0 0 0 0 0 0 12 0 28 15 3 32 0 20 0 19 0 0 0 0 29 25 21 0 1 13 24 0 34 
2 23 7 0 0 0 0 0 0 33 35 0 0 0 0 34 26 36 0 0 0 0 0 22 0 0 12 0 0 0 0 0 0 0 0 0 
28 0 0 0 7 0 0 0 34 0 20 0 2 16 0 11 0 24 0 32 0 0 0 0 0 33 0 19 26 35 21 0 0 0 5 0 
21 27 8 29 12 0 0 18 0 6 0 4 3 19 36 0 14 28 0 0 0 16 0 0 0 0 25 17 30 0 0 0 0 0 35 0 
5 0 0 22 0 0 0 35 17 0 0 32 0 10 0 0 25 0 9 8 0 0 0 12 2 0 14 21 29 0 11 0 0 13 6 28 
0 0 0 31 0 33 0 24 0 0 0 0 26 0 0 35 0 6 0 10 0 0 0 0 0 34 0 0 0 0 0 14 0 20 0 1 
0 35 0 10 15 0 7 9 22 0 0 0 0 0 0 23 20 0 0 25 18 1 33 29 0 0 0 4 36 32 0 0 8 2 0 31 
30 0 0 0 24 14 2 25 0 19 0 0 0 0 15 0 0 8 31 4 6 36 22 35 0 10 0 5 0 0 0 0 0 9 29 0 
0 7 0 0 8 0 19 0 4 0 34 13 1 0 28 24 36 0 35 0 0 0 9 0 23 0 11 0 0 33 0 0 0 0 30 0 
0 2 0 23 0 13 14 0 0 18 6 27 0 30 5 33 0 0 0 0 0 0 0 0 0 0 0 0 10 0 1 0 0 26 22 29 
1 0 0 0 0 0 8 0 9 24 0 0 23 11 0 0 0 21 4 19 22 25 32 0 0 0 31 0 18 15 0 34 0 0 0 5 
10 0 0 3 32 26 0 0 0 0 5 0 34 27 20 14 0 0 0 0 0 0 0 15 13 36 0 28 0 22 17 0 12 0 0 25 
0 0 0 12 29 0 21 23 0 0 22 0 25 0 0 13 16 0 27 26 0 0 18 28 0 0 0 2 6 20 15 0 0 0 32 0 
0 0 19 0 0 0 0 0 25 1 0 30 0 0 0 0 0 17 0 0 24 0 3 21 0 0 0 0 32 0 0 0 0 0 0 0 
22 16 34 0 0 0 32 0 0 13 0 9 0 7 3 1 0 30 23 21 2 6 0 11 0 0 5 27 8 18 35 0 0 0 24 19 
14 0 23 0 25 6 0 20 30 12 29 0 0 4 0 0 0 0 0 0 0 15 0 27 24 0 10 0 0 1 32 21 26 8 0 0 
0 9 0 0 0 0 0 0 6 0 0 25 0 0 0 5 0 15 28 16 13 0 0 26 0 0 0 0 20 31 23 0 0 0 11 0 
0 32 12 0 0 0 18 0 0 14 0 0 28 0 29 0 8 22 36 0 25 0 0 0 0 0 35 0 0 0 0 0 30 10 0 20 
31 29 0 24 0 0 0 0 0 0 1 0 0 0 0 12 0 0 0 0 0 0 0 18 30 17 33 23 11 7 0 27 36 0 0 2 
0 0 0 20 0 0 34 0 0 0 0 0 0 0 10 16 32 0 29 12 0 9 17 0 0 0 26 0 0 19 31 0 22 15 0 0 
