6 6
0 28 0 0 0 0 0 0 0 0 0 0 0 0 0 0 0 0 0 0 12 23 0 0 0 0 0 0 0 17 0 0 0 0 0 0 
0 0 0 0 0 0 0 0 0 0 0 0 0 0 0 0 0 0 0 0 0 0 0 0 0 32 0 0 0 0 0 0 0 0 0 0 
0 0 17 0 0 0 13 0 0 8 0 0 0 0 21 0 14 0 0 0 0 0 0 0 0 0 0 0 0 0 0 0 0 0 0 0 
0 0 0 0 22 0 0 0 0 0 0 0 0 0 0 0 0 0 0 0 15 6 0 35 0 0 0 34 0 0 0 0 0 0 0 0 
0 0 0 33 34 0 0 18 0 0 0 0 0 0 0 0 0 0 0 0 0 0 0 29 0 0 0 0 0 0 0 0 0 0 0 0 
0 0 0 0 0 0 0 32 0 0 0 0 0 0 1 0 0 0 0 16 0 0 0 0 0 0 0 0 0 0 0 0 0 0 0 0 
0 0 0 0 0 0 0 0 0 0 1 0 0 0 0 0 0 8 0 0 0 0 0 0 0 0 0 6 0 0 32 20 0 0 0 0 
0 0 0 0 0 0 0 0 0 0 0 0 0 2 0 0 0 0 0 0 0 0 0 0 0 0 8 0 0 0 0 0 0 0 0 0 
0 0 0 0 0 0 0 0 0 0 35 0 0 0 0 0 0 0 0 0 0 0 0 0 0 0 0 0 0 21 0 22 0 0 0 5 
0 0 0 0 28 0 0 0 0 0 0 0 0 0 0 22 0 0 0 0 0 0 30 0 27 0 0 0 0 0 0 0 0 0 0 0 
0 0 0 0 7 21 0 0 0 0 0 0 0 0 31 0 4 0 0 0 0 0 0 0 0 0 0 0 0 0 13 0 0 0 0 0 
0 0 0 0 0 0 0 0 0 0 0 0 0 24 20 0 0 0 0 0 0 0 0 0 0 0 0 36 0 0 0 0 0 0 0 0 
0 0 0 0 0 0 0 0 0 0 0 0 20 0 0 0 0 14 0 0 0 0 0 0 0 21 0 10 17 0 0 0 0 0 0 23 
0 0 0 0 0 0 0 14 16 1 0 0 0 0 29 0 0 0 0 0 0 0 0 0 0 0 0 0 0 0 0 0 0 0 36 0 
0 0 35 0 23 0 0 0 0 36 11 0 0 12 0 0 0 0 0 0 0 0 0 4 0 6 0 0 0 0 0 0 0 0 0 0 
32 0 0 0 0 0 0 0 0 0 0 0 0 0 0 0 0 0 13 0 0 0 21 0 0 0 0 29 0 22 0 0 0 0 0 0 
0 0 0 0 0 0 0 34 0 0 0 0 0 0 35 0 0 0 0 0 0 0 0 0 0 0 0 0 31 0 0 0 0 32 7 0 
0 0 0 29 0 0 0 0 0 0 30 0 0 0 0 0 0 0 0 0 0 0 0 0 0 0 33 0 0 0 0 0 0 0 0 0 
0 0 0 0 0 0 0 0 0 0 0 24 0 34 0 13 0 0 0 0 0 0 0 0 0 0 0 0 0 0 0 0 0 0 0 0 
0 0 0 0 6 0 0 0 0 0 0 23 0 0 0 9 0 0 0 14 0 0 0 0 0 0 0 0 0 3 0 0 0 0 0 0 
0 0 0 0 25 0 0 0 0 0 0 0 0 0 0 0 0 0 0 4 0 0 0 0 0 0 0 0 20 0 0 0 0 0 0 0 
0 0 0 0 0 0 0 0 0 0 0 0 31 0 0 0 0 0 0 0 0 0 0 0 0 0 0 0 0 0 34 0 0 0 0 0 
0 0 0 1 0 0 0 0 0 0 0 0 0 0 0 0 27 21 0 0 0 0 0 0 0 0 0 0 0 0 0 0 0 0 0 0 
0 0 0 0 0 0 0 0 0 12 0 0 0 0 0 0 0 0 0 0 0 0 0 0 0 0 13 0 5 0 0 0 21 0 0 0 
14 0 30 0 11 0 0 0 34 0 0 0 0 25 0 0 0 0 0 0 0 0 0 21 0 0 0 0 32 0 0 0 0 0 0 0 
0 0 0 0 0 0 0 0 0 0 0 0 0 19 0 0 0 0 0 10 0 0 0 0 0 0 0 0 0 0 28 0 0 0 0 0 
0 0 0 0 0 0 36 11 0 0 0 0 0 0 0 8 29 0 18 0 2 0 0 0 0 0 0 0 0 0 0 0 0 0 0 0 
0 0 25 0 0 0 0 0 0 0 0 0 0 0 0 0 0 0 0 0 7 0 0 0 0 0 0 0 0 0 0 0 0 0 0 0 
0 0 0 24 0 0 25 0 30 0 0 0 27 0 0 0 0 0 0 0 33 0 0 0 0 10 4 0 0 34 7 0 0 0 0 0 
0 0 0 0 0 0 0 0 0 0 0 0 0 0 0 0 0 0 0 0 0 0 0 0 0 0 0 0 0 0 0 23 0 1 29 0 
0 0 0 0 0 0 0 0 0 0 0 0 0 0 0 0 0 0 0 0 0 0 0 0 0 0 0 0 0 0 6 0 0 0 0 25 
0 21 0 0 0 0 0 0 0 0 0 0 0 0 0 0 0 1 0 22 13 0 0 0 0 0 0 0 0 0 0 0 0 0 0 0 
0 20 0 0 30 0 0 13 0 25 0 0 0 0 0 0 0 0 0 0 0 0 2 0 0 0 0 16 0 0 0 1 0 26 0 0 
0 0 27 0 0 0 0 0 0 0 0 0 0 0 0 0 0 0 0 0 0 0 0 0 0 0 0 0 0 0 0 0 19 0 0 0 
0 0 0 0 0 0 0 0 0 0 0 33 0 0 0 10 0 0 0 0 26 15 0 0 0 0 0 0 0 0 0 0 0 0 0 0 
0 0 0 8 29 0 0 0 0 0 0 31 22 0 0 0 0 0 0 0 0 0 0 0 0 0 0 0 0 0 0 0 0 0 0 0 
