6 6
12 10 0 29 0 0 0 0 0 0 0 0 18 0 0 0 0 11 0 0 0 0 8 0 0 28 3 0 0 0 0 0 0 0 0 0 
0 0 0 33 0 0 0 0 0 0 7 0 0 0 21 0 0 0 0 0 0 0 0 25 0 0 26 0 0 0 0 0 0 0 0 0 
6 0 4 0 0 0 0 0 0 0 3 0 0 12 0 0 22 25 0 15 0 0 31 0 24 0 0 0 0 0 0 0 13 0 0 0 
0 0 0 0 0 0 0 20 0 0 12 0 0 0 0 33 0 0 0 0 0 0 0 2 14 0 0 17 0 0 31 0 0 0 0 0 
0 24 0 0 0 0 0 0 0 0 0 0 0 0 19 0 0 0 0 0 9 0 16 0 36 0 0 0 0 0 0 0 0 22 0 0 
14 0 0 0 27 0 0 0 0 0 0 0 0 0 0 0 0 0 0 0 0 0 4 36 0 0 0 0 0 0 0 0 0 0 0 0 
16 6 0 0 34 0 0 0 20 0 17 0 0 0 0 14 0 0 0 0 0 25 0 0 0 0 0 0 0 0 0 3 0 0 0 0 
0 0 0 11 0 0 16 0 0 0 0 0 0 0 0 25 0 0 0 0 0 0 0 0 0 15 0 0 0 36 0 0 0 0 0 0 
0 0 0 0 0 0 0 0 0 0 0 32 0 0 0 13 0 0 0 0 0 33 0 0 0 0 0 16 4 23 0 0 0 19 0 0 
29 13 22 32 0 0 0 1 0 0 9 0 0 0 0 0 0 12 0 0 0 0 0 0 11 0 2 0 0 0 6 0 0 0 18 0 
0 0 0 0 0 0 2 0 0 0 0 0 30 17 9 0 0 0 0 0 0 0 0 0 0 0 0 0 0 0 0 0 31 21 0 0 
25 0 0 24 0 9 0 0 0 0 6 0 0 0 0 0 0 0 0 0 0 0 0 0 30 0 0 0 0 0 36 0 0 0 0 0 
0 0 0 0 0 0 0 0 0 0 5 0 0 0 0 0 0 2 0 0 0 0 0 9 0 0 0 0 0 0 0 0 0 15 32 0 
0 0 0 0 0 0 0 0 0 0 0 0 0 0 0 6 13 0 0 0 3 0 5 0 26 0 0 0 24 0 0 0 0 0 0 0 
0 0 0 0 0 2 12 0 0 17 15 0 0 0 0 0 0 0 0 0 4 0 0 0 5 0 0 0 0 14 0 0 0 0 0 18 
0 0 0 0 0 0 14 0 0 0 13 29 26 16 0 0 0 0 0 0 0 0 19 0 4 0 0 0 0 0 0 0 34 0 20 0 
26 7 0 9 0 0 0 10 0 0 0 0 0 0 36 0 0 0 0 0 27 0 0 0 0 0 18 0 23 28 8 0 0 0 0 0 
0 0 0 0 28 0 7 0 11 0 0 0 0 0 0 0 0 0 13 0 0 18 0 0 0 0 0 0 0 25 30 0 0 0 0 0 
0 4 0 0 1 0 11 0 8 0 0 0 0 0 0 0 0 0 24 0 0 0 0 0 0 0 0 0 0 0 0 0 0 0 0 0 
0 9 0 0 0 26 0 0 0 0 0 0 34 0 0 1 10 0 0 0 0 0 0 0 0 0 0 32 0 3 0 22 0 0 35 2 
0 0 0 0 0 15 0 0 0 0 0 0 0 0 0 0 0 0 0 0 0 0 0 0 0 0 0 27 0 0 0 0 0 0 0 0 
0 28 21 0 0 0 13 0 0 4 0 0 0 0 26 0 16 0 0 0 0 0 0 0 0 0 0 0 18 0 9 0 0 0 7 0 
0 0 0 0 0 0 0 0 0 0 0 0 0 0 0 0 0 28 9 0 22 0 0 0 0 4 0 0 0 0 19 0 0 0 0 10 
0 0 0 0 0 0 0 0 12 0 0 0 0 0 0 0 0 0 0 35 0 0 1 20 0 0 0 0 0 0 0 0 0 0 0 0 
0 0 0 0 0 0 17 0 0 0 0 36 0 0 0 11 0 0 0 0 0 15 0 0 0 0 0 4 0 0 0 0 35 0 0 0 
0 0 0 0 0 0 0 0 0 0 0 16 27 0 24 0 0 0 0 0 0 0 0 0 0 0 0 0 0 0 0 5 11 1 13 0 
0 0 0 14 9 0 0 0 7 26 0 25 0 0 1 0 0 0 0 0 28 0 0 0 0 0 0 0 0 0 0 0 0 0 0 0 
0 0 0 0 0 25 0 0 0 0 0 0 0 0 8 23 0 0 0 0 0 0 0 0 0 0 0 28 34 12 0 0 0 33 0 0 
0 0 0 0 0 28 0 5 0 0 0 0 0 0 29 0 19 9 4 0 17 0 0 0 0 0 0 0 0 0 23 0 12 0 0 0 
0 29 0 22 13 0 0 0 0 0 0 0 2 0 0 0 0 17 0 10 0 3 0 0 0 0 0 0 0 0 0 0 0 0 0 25 
0 0 0 13 0 0 0 0 0 0 0 0 4 0 32 0 0 0 0 0 0 0 0 0 0 33 0 0 16 0 0 0 0 0 0 28 
0 0 0 1 0 0 32 0 0 0 26 0 0 0 0 0 0 0 0 18 0 27 0 4 0 0 0 0 21 0 0 0 0 0 0 0 
0 32 0 0 0 0 0 0 0 33 0 0 0 0 0 15 0 0 0 0 0 0 0 0 1 0 0 14 0 0 0 0 0 9 0 0 
0 30 11 0 0 22 0 27 0 0 34 28 0 0 0 0 29 0 3 0 0 0 0 23 0 0 8 0 0 0 0 0 0 0 0 0 
0 0 0 0 0 16 0 0 0 0 0 0 0 8 0 0 0 0 0 17 0 30 0 0 0 12 0 0 32 15 11 0 2 0 0 0 
0 0 0 0 0 0 0 0 0 18 0 0 0 0 0 0 0 0 0 0 0 0 0 14 0 0 0 0 0 0 24 0 0 10 0 0 
