6 6
0 0 0 0 0 0 0 0 0 0 0 0 23 0 0 24 29 0 0 0 0 0 0 11 0 0 16 0 0 0 0 0 0 0 33 0 
0 0 0 0 0 0 0 22 0 0 0 1 0 0 0 0 0 0 0 0 12 0 25 0 7 11 19 0 13 0 29 8 0 0 0 30 
18 0 0 0 0 0 0 4 0 0 7 24 0 0 0 0 0 0 0 14 0 13 0 0 0 0 0 0 0 12 0 15 32 17 0 0 
2 0 0 0 26 0 0 0 0 34 0 0 0 0 0 0 9 0 0 18 0 0 0 0 0 0 15 24 0 1 0 0 0 0 0 0 
0 0 0 0 0 36 0 0 0 0 0 18 0 0 14 0 0 0 30 0 17 0 0 0 0 0 32 0 0 0 0 0 0 31 0 0 
21 22 24 0 0 0 0 8 0 17 0 36 0 0 0 0 0 0 0 0 20 0 0 0 0 0 28 0 0 0 0 0 0 1 0 0 
0 0 0 0 23 0 0 0 0 0 0 0 0 33 0 0 11 0 10 0 25 32 0 0 0 26 0 0 0 0 7 34 0 0 0 0 
0 0 0 0 0 0 0 33 0 0 0 7 0 0 0 0 0 0 16 0 0 0 8 0 0 0 0 0 0 36 0 0 0 0 0 28 
0 0 0 0 0 21 0 28 24 0 0 0 0 0 5 0 0 0 0 0 0 9 13 0 8 0 0 2 0 0 0 0 0 22 0 0 
0 0 0 7 0 25 0 5 0 0 0 0 0 2 0 0 0 0 0 12 0 0 0 0 0 0 0 6 0 0 0 0 0 0 0 0 
0 0 0 0 0 0 13 0 0 27 0 0 4 0 0 19 0 0 0 0 0 0 6 34 0 0 0 0 0 22 18 20 0 0 0 0 
0 19 0 0 0 34 2 0 0 8 12 0 0 0 25 21 0 0 0 0 0 0 0 0 1 0 0 23 0 0 0 0 0 11 0 0 
0 0 0 0 0 0 0 0 0 0 0 0 17 0 0 0 0 0 4 0 0 0 20 0 0 0 0 0 0 0 13 0 0 9 0 21 
0 6 0 0 13 0 0 24 0 0 0 0 0 0 0 0 0 0 0 0 0 0 17 14 0 10 0 0 0 0 27 0 12 0 0 0 
0 0 0 0 0 4 19 31 26 0 0 0 0 0 0 10 24 12 0 0 0 0 15 0 0 9 11 0 0 0 0 0 34 0 0 0 
0 0 0 29 0 0 25 0 0 28 0 0 0 0 0 2 0 3 0 0 0 0 0 0 15 0 0 0 0 35 0 0 0 0 0 31 
0 0 0 10 0 0 0 0 0 0 27 0 22 0 0 0 0 0 0 0 0 11 0 0 0 1 0 0 0 23 0 0 0 0 0 0 
30 0 0 0 0 0 0 0 0 36 0 0 0 0 0 0 0 0 0 0 0 0 0 0 0 2 0 0 27 0 0 35 0 0 0 0 
0 0 0 26 35 22 0 3 0 0 0 0 0 0 16 0 0 0 0 0 0 0 0 0 0 0 0 0 0 21 9 0 0 0 0 20 
34 0 18 0 0 32 0 0 0 0 0 0 0 0 0 0 20 2 25 23 27 0 0 9 0 0 14 0 0 0 0 0 0 0 0 0 
0 0 0 0 0 3 0 0 0 0 21 0 14 0 32 0 0 0 0 7 0 0 0 0 0 0 0 28 0 6 0 0 0 0 0 0 
0 0 0 0 9 0 0 10 0 16 0 15 0 0 0 0 18 0 0 0 0 0 0 0 0 0 5 0 0 0 0 0 0 0 0 0 
0 24 0 0 0 0 7 0 0 31 22 13 25 15 17 34 0 0 26 0 4 0 10 0 0 0 0 0 0 0 0 0 0 18 0 0 
0 0 0 0 0 0 0 0 0 0 0 0 0 28 0 0 36 35 0 0 0 0 0 0 0 0 0 0 0 0 0 0 0 0 15 17 
24 14 0 0 0 0 0 0 0 0 0 11 0 0 0 0 3 0 0 0 0 31 0 0 0 0 0 15 0 0 0 0 0 0 0 0 
23 0 0 3 0 0 16 32 0 0 0 0 20 0 0 0 0 0 28 0 0 0 0 0 0 25 36 7 0 0 19 0 0 0 0 0 
25 0 0 0 0 0 3 0 0 0 0 0 0 0 0 0 0 0 0 0 32 0 0 0 0 0 0 0 14 0 0 0 0 2 7 8 
0 30 0 0 0 0 0 0 28 23 0 12 0 27 0 0 0 0 8 0 10 33 0 16 0 0 0 0 0 0 0 0 0 32 0 25 
0 0 29 0 0 0 22 0 0 0 0 0 0 0 0 4 0 0 0 0 0 0 0 0 6 32 0 0 0 0 0 0 0 0 0 0 
0 34 0 0 0 0 0 0 0 14 0 0 0 0 22 0 0 0 0 0 0 23 0 0 0 0 21 0 0 0 10 6 0 0 0 0 
32 0 27 0 0 0 0 0 0 12 0 0 0 30 4 0 0 0 0 8 0 1 0 0 0 0 0 0 20 0 0 0 0 0 0 0 
0 0 0 0 0 0 6 0 27 15 1 0 0 3 0 0 7 0 33 22 0 0 0 13 0 0 0 12 0 28 0 0 0 0 0 9 
0 0 0 0 0 14 0 0 0 0 0 0 0 0 0 0 26 16 0 0 0 15 0 0 0 0 0 21 0 0 0 0 0 0 0 6 
12 0 0 0 0 8 0 0 0 22 0 0 0 0 0 1 0 0 5 0 0 0 0 0 0 14 35 0 0 26 31 0 0 0 0 0 
36 0 15 0 20 0 17 13 32 24 0 31 29 8 12 0 0 10 0 0 0 0 0 0 0 0 0 0 0 0 0 0 0 0 4 19 
16 0 0 17 18 2 0 0 0 20 0 0 13 0 0 0 0 14 7 0 0 0 0 0 0 0 0 31 25 0 0 27 26 0 0 0 
