6 6
0 0 12 0 0 0 0 0 0 0 6 20 0 3 0 14 0 0 0 0 28 0 0 33 0 0 0 0 0 0 5 0 0 7 0 0 
0 0 3 0 0 0 0 0 15 0 0 28 0 0 20 31 10 27 0 6 0 0 0 24 0 0 0 0 0 0 0 8 0 2 0 0 
5 15 0 13 26 0 0 0 12 0 10 0 0 0 32 4 0 23 0 7 0 0 0 0 0 0 0 0 0 0 33 0 0 0 0 0 
24 0 0 0 0 0 0 0 0 25 0 0 0 15 0 0 0 0 18 0 0 20 26 30 0 0 19 0 0 0 13 0 1 0 0 0 
22 0 29 0 0 0 0 0 0 26 0 0 0 0 0 0 0 24 0 0 19 0 0 4 5 0 0 0 0 33 0 6 0 17 0 0 
0 0 0 0 4 9 0 0 0 0 27 0 0 0 0 0 30 0 0 0 0 0 0 0 0 0 0 0 7 31 0 18 0 0 22 11 
0 0 0 0 15 0 27 6 0 0 16 0 11 0 0 0 0 0 0 26 0 28 0 29 2 0 0 0 0 0 0 0 0 0 0 21 
0 0 0 16 0 0 0 30 0 0 0 0 27 14 0 0 0 0 33 0 0 0 2 0 0 28 8 0 0 0 29 0 0 0 0 0 
0 0 0 0 0 0 26 11 0 10 0 0 0 4 0 0 0 17 0 0 0 0 0 0 27 14 0 0 0 3 0 0 0 0 23 0 
0 0 0 33 2 14 0 0 0 32 7 0 0 0 0 0 0 0 3 0 20 0 0 0 0 0 0 19 0 0 0 0 0 0 25 0 
0 0 0 0 0 0 0 0 0 23 0 0 0 0 22 0 0 0 0 0 0 0 15 0 0 34 0 0 0 0 18 0 13 0 30 35 
18 0 27 0 0 0 0 0 0 0 0 0 0 10 0 0 7 13 0 0 0 0 0 0 29 0 0 36 9 6 0 17 28 0 0 0 
27 0 22 0 0 0 0 0 6 4 0 0 0 0 0 0 0 0 13 0 0 8 0 0 0 20 0 2 28 0 10 0 0 0 0 0 
0 0 0 8 0 0 0 0 0 0 0 0 0 0 0 0 0 30 0 0 0 0 33 0 23 26 0 0 3 0 21 9 0 0 31 0 
0 0 21 20 0 32 0 23 0 35 0 0 0 0 0 0 0 15 0 0 0 27 0 0 4 0 0 0 0 0 0 0 11 0 0 0 
0 0 0 0 9 0 0 0 27 0 32 0 0 0 0 19 0 0 0 0 0 0 0 23 12 15 0 8 0 0 0 0 0 36 0 0 
0 0 16 0 0 29 0 0 0 0 34 0 0 0 0 0 0 0 0 0 0 35 22 0 0 6 0 0 0 0 14 0 0 0 0 17 
28 0 0 6 0 23 0 0 22 0 0 10 0 0 18 0 0 0 7 0 0 36 4 0 0 0 17 0 0 27 0 0 0 25 0 0 
0 0 33 17 13 0 36 0 32 0 0 0 0 26 0 0 9 0 0 29 0 0 0 0 0 0 0 0 5 0 0 0 0 0 0 0 
12 0 0 0 0 0 0 0 0 0 0 0 0 24 0 35 1 0 0 0 0 10 25 0 0 0 16 9 0 0 0 0 0 0 0 0 
0 0 0 0 0 0 0 0 0 0 0 0 12 0 0 17 13 0 35 0 0 16 8 0 0 0 0 0 0 0 0 0 0 0 0 0 
4 21 8 36 0 6 0 0 0 15 0 0 5 7 0 0 0 0 28 0 0 0 18 32 0 0 29 0 0 0 0 0 0 0 0 0 
0 0 24 0 0 28 0 9 0 16 0 1 0 33 0 0 0 0 0 36 0 13 0 0 0 12 0 0 0 0 0 0 3 0 0 0 
34 19 0 0 0 0 0 0 0 0 14 0 0 0 0 0 20 0 30 31 0 0 0 0 33 25 0 0 0 21 0 0 8 13 0 36 
0 0 0 0 0 0 0 5 21 0 29 0 0 0 0 0 0 0 16 0 11 7 0 0 0 13 23 0 0 0 0 28 0 0 0 0 
8 33 34 3 0 0 0 0 16 0 0 19 0 0 4 13 32 0 0 2 0 0 0 17 0 0 0 0 0 0 0 0 0 0 0 15 
0 0 30 0 0 0 33 0 0 0 18 0 0 20 0 0 6 0 0 25 0 0 0 5 0 22 0 0 17 0 35 0 0 0 0 0 
0 0 0 0 0 7 0 0 17 0 11 0 19 0 0 0 0 1 0 0 33 0 13 0 25 16 0 0 0 0 0 0 0 0 0 27 
0 0 31 0 0 27 0 12 0 0 0 0 0 0 25 0 0 34 0 0 0 0 0 0 0 0 0 0 0 0 0 0 0 0 0 22 
0 0 6 5 1 0 0 3 0 0 0 0 0 0 0 0 0 0 0 0 15 0 0 22 0 0 33 0 0 0 0 0 0 29 0 0 
0 0 0 0 0 0 20 1 7 24 25 5 33 0 0 0 0 0 0 0 0 0 0 0 0 0 9 0 0 0 2 0 29 32 0 13 
31 0 0 0 17 16 0 0 0 0 0 0 0 0 0 0 0 25 0 33 0 0 0 0 0 0 0 0 0 0 0 0 0 0 0 0 
0 0 10 0 25 0 0 0 0 13 0 0 3 0 0 0 0 0 17 0 4 0 11 0 0 0 0 6 0 35 0 0 0 5 1 0 
0 28 0 0 0 30 11 10 0 0 0 0 0 0 0 26 0 0 25 0 0 0 0 15 17 0 7 0 0 0 0 0 19 12 18 0 
0 0 0 26 8 0 0 0 0 0 28 0 32 35 0 0 24 0 0 23 0 0 0 36 19 21 0 22 0 0 0 0 0 20 4 0 
0 0 0 0 0 0 0 19 35 36 0 0 0 16 23 9 0 0 0 0 0 29 32 0 0 0 0 0 34 26 0 0 0 0 27 14 
