6 6
0 0 0 0 0 34 31 0 30 0 0 3 0 0 0 0 0 18 29 0 4 0 0 0 0 32 0 0 0 0 0 0 0 0 0 5 
0 0 0 0 20 35 34 0 0 19 0 0 0 21 17 4 0 0 32 0 0 0 0 8 0 0 0 18 0 0 0 0 0 30 0 0 
0 0 17 29 0 0 1 0 0 0 25 0 0 0 23 0 0 10 0 0 0 0 0 16 35 0 0 0 0 9 28 0 0 11 33 0 
0 0 0 0 0 0 17 21 16 0 0 0 0 0 2 0 3 34 0 11 0 0 28 0 0 20 0 0 0 25 27 0 0 23 26 0 
0 0 0 30 11 8 0 0 0 0 0 0 20 0 15 0 0 9 10 0 25 22 0 0 0 0 0 0 0 12 0 0 0 0 0 0 
0 0 0 32 26 0 0 22 0 0 0 0 0 30 7 0 0 0 3 0 1 0 0 27 0 36 0 6 0 0 0 0 0 0 0 0 
0 34 0 4 0 0 0 0 20 0 1 0 0 0 0 0 13 0 0 0 0 27 0 0 0 6 0 0 0 0 22 0 0 0 0 33 
21 15 0 0 0 0 28 31 0 0 0 0 0 0 0 0 0 0 0 0 0 13 2 7 0 18 0 0 0 0 0 0 12 0 0 36 
0 9 0 0 0 0 0 0 12 0 0 25 0 0 0 0 8 0 0 0 0 19 0 0 33 0 7 32 35 0 0 0 5 0 27 0 
10 0 0 0 25 0 0 0 0 0 0 0 0 0 35 27 0 31 0 0 0 0 26 34 17 0 29 0 0 0 0 0 0 15 18 11 
0 0 2 0 14 0 0 0 0 4 0 0 10 23 0 3 17 0 0 0 18 0 0 25 9 0 15 0 0 24 0 0 0 0 19 13 
6 0 0 0 0 0 0 0 3 0 0 0 16 5 11 19 0 0 0 0 0 0 0 0 23 0 0 0 10 0 0 0 0 0 31 21 
18 0 32 0 0 19 0 10 0 0 0 20 0 0 34 0 0 0 0 0 0 0 0 23 28 5 0 0 0 0 25 1 21 0 13 0 
0 0 0 22 3 10 0 24 17 0 16 0 0 0 0 0 0 0 0 0 0 0 35 6 0 0 0 20 0 0 0 0 0 0 5 29 
5 33 0 6 0 28 0 0 0 0 2 0 0 0 0 0 1 0 24 0 0 0 31 0 0 0 16 17 0 10 0 0 0 0 0 30 
0 0 1 0 23 0 0 0 36 0 4 0 0 0 0 18 0 11 0 29 0 0 27 0 0 0 8 0 3 0 0 0 0 0 0 12 
0 0 21 0 24 0 3 0 0 0 0 0 0 17 6 0 0 2 0 0 0 0 0 0 0 0 0 0 0 0 0 15 0 0 0 26 
0 0 0 0 0 13 19 0 26 0 0 0 0 0 12 9 0 0 0 0 0 0 10 0 30 21 0 24 0 29 0 20 0 28 0 7 
0 0 0 5 0 0 15 0 0 8 0 2 0 19 0 0 0 0 0 0 7 0 0 0 0 0 35 0 0 0 0 23 13 0 0 34 
0 0 29 0 0 0 0 0 0 0 12 17 0 0 0 7 0 15 0 0 0 0 0 0 0 26 0 0 24 20 16 32 0 0 0 0 
0 0 0 0 2 0 0 0 0 28 0 0 6 0 22 13 0 0 0 25 0 26 0 0 0 0 0 12 0 0 24 0 7 0 11 0 
0 0 11 0 0 16 0 0 0 0 0 14 0 33 0 0 0 28 0 0 0 0 0 0 0 0 0 0 32 0 10 0 0 35 9 0 
19 0 0 15 0 0 0 35 0 0 0 0 5 0 0 25 0 0 21 17 0 0 0 29 14 0 0 0 0 0 30 0 8 0 0 0 
23 0 0 26 0 0 0 29 0 32 27 34 31 0 0 0 0 0 19 2 0 0 0 0 0 0 3 22 0 0 0 0 14 20 0 0 
0 29 7 13 0 0 26 0 0 0 19 0 0 0 0 0 0 0 17 23 0 3 0 0 0 30 33 0 0 0 0 0 0 0 0 25 
0 0 0 0 0 0 9 0 0 0 30 0 0 0 26 0 14 0 0 0 0 0 0 0 0 0 0 0 25 0 0 0 0 0 20 0 
0 0 28 0 6 9 0 34 0 13 0 0 0 0 0 0 0 4 0 0 0 0 7 24 0 0 32 0 11 0 0 0 0 0 0 0 
0 0 0 17 0 0 12 0 0 0 0 0 0 0 31 11 0 24 4 18 14 0 0 0 0 8 0 0 2 28 0 0 27 32 0 0 
26 31 0 0 0 27 0 0 24 0 6 15 0 0 0 16 20 22 0 8 0 0 0 12 0 0 0 0 0 0 0 0 0 18 29 14 
0 0 0 0 0 0 33 28 0 0 0 0 0 1 0 0 29 0 22 0 16 0 0 0 26 0 0 13 7 3 4 17 0 0 24 0 
0 0 14 1 0 0 0 0 0 0 0 35 33 0 0 0 0 0 5 0 0 4 0 18 0 0 0 10 31 0 0 0 0 27 22 0 
0 23 0 0 0 31 0 6 0 0 3 0 29 0 0 0 9 0 0 0 0 11 0 0 0 0 0 0 0 0 36 0 0 0 2 0 
20 0 0 16 18 7 23 0 0 0 0 30 35 0 14 0 4 0 15 36 28 0 0 32 12 0 0 0 0 0 0 26 0 1 0 17 
0 0 19 25 32 4 16 0 0 0 0 24 0 0 0 22 0 0 0 0 0 0 0 33 0 0 0 0 0 0 23 18 0 0 0 0 
33 0 30 0 0 17 0 0 0 0 0 0 0 0 0 26 0 20 13 0 23 0 0 0 0 0 0 8 19 0 0 34 0 21 0 0 
0 0 13 0 0 0 0 0 4 11 0 0 32 10 8 0 0 0 12 0 20 0 22 0 0 0 0 21 0 0 0 25 0 0 0 6 
