5 5
0 0 0 20 0 0 0 0 0 0 2 24 0 0 0 0 0 13 4 0 0 0 0 0 0 
0 0 0 12 0 0 0 0 7 0 0 0 0 0 0 3 0 0 0 16 0 0 0 0 2 
16 0 0 0 0 0 0 0 0 0 14 0 0 0 0 2 0 0 0 0 0 0 0 0 12 
0 0 0 0 0 6 0 0 0 0 0 0 0 0 0 0 0 0 0 0 8 0 0 10 23 
0 0 22 19 10 0 0 0 3 0 0 0 0 0 18 0 0 0 0 0 0 0 0 0 0 
0 0 0 0 22 0 0 0 23 0 24 10 0 0 0 0 0 0 0 0 0 0 0 0 0 
0 0 9 0 5 0 19 0 0 0 0 0 0 0 13 11 0 0 2 0 0 0 15 1 0 
0 0 0 0 0 0 0 0 0 0 0 0 0 0 5 0 0 0 0 15 0 0 0 0 0 
1 0 12 0 3 0 0 0 0 0 8 0 19 0 0 0 13 0 0 0 0 0 0 0 0 
21 0 0 0 0 11 0 0 1 0 0 0 23 0 0 0 0 0 0 0 7 0 8 16 0 
0 5 0 0 0 0 0 15 0 0 0 0 0 0 0 9 0 0 0 14 0 0 0 0 0 
0 0 0 0 19 0 0 0 21 16 0 0 0 0 0 0 0 6 0 0 0 0 0 0 0 
0 0 0 0 0 0 0 22 20 0 0 8 2 0 0 0 0 0 0 0 0 17 0 5 6 
25 0 0 0 0 0 0 0 0 0 0 0 0 0 0 0 4 0 1 0 0 24 0 0 0 
0 0 0 0 0 0 0 1 0 0 22 0 0 0 0 0 5 24 8 21 20 0 0 0 0 
0 13 0 0 0 0 0 12 0 3 0 2 0 0 0 0 18 0 0 0 0 0 0 11 0 
18 11 20 1 0 13 0 4 0 6 0 0 25 0 0 5 3 0 0 0 0 0 0 0 0 
24 19 8 0 0 0 0 0 18 0 0 0 4 0 0 0 0 0 0 0 0 0 12 0 0 
0 0 0 0 0 0 21 9 0 0 0 19 7 0 0 0 0 17 0 6 0 0 0 3 0 
0 0 0 0 0 0 0 10 0 0 12 0 0 0 17 0 11 4 0 0 0 0 0 0 24 
22 0 0 0 24 18 0 0 0 0 0 1 0 0 0 0 0 0 0 0 0 0 0 0 0 
0 0 15 21 0 2 0 0 0 9 0 11 0 0 0 0 0 0 0 0 0 23 0 0 0 
0 0 0 0 0 0 0 14 0 0 18 0 0 0 0 10 0 0 0 0 0 0 0 6 3 
0 16 0 8 0 0 20 0 0 0 0 0 0 0 21 6 0 19 0 3 0 1 0 0 13 
17 0 0 0 0 0 0 0 0 0 0 0 9 25 7 0 0 0 0 0 0 0 19 0 0 
