5 5
0 0 0 0 0 0 0 0 19 17 0 0 0 0 22 0 0 0 0 4 9 8 0 0 0 
23 0 0 3 11 1 0 0 0 0 0 0 0 0 0 0 0 0 0 7 15 0 0 0 0 
18 0 0 0 4 0 0 12 0 0 0 0 0 0 21 19 0 0 25 0 0 0 0 17 0 
0 0 0 9 0 0 18 20 0 0 0 0 0 0 6 0 0 0 0 0 0 25 0 0 0 
0 0 0 0 0 9 0 5 0 0 0 0 20 0 0 0 0 17 0 0 0 0 0 0 0 
0 0 0 0 0 0 0 0 4 0 0 0 0 0 0 3 0 0 10 0 0 5 0 12 0 
0 0 0 0 18 0 0 0 0 0 0 1 9 0 0 0 13 0 0 0 0 0 11 0 0 
0 0 24 5 0 0 6 14 0 0 0 0 0 0 0 0 4 0 23 16 0 0 0 0 18 
21 6 0 23 17 0 0 0 0 0 0 0 0 0 0 0 0 0 0 0 0 24 0 0 0 
0 0 0 16 0 21 0 1 0 0 0 0 23 0 20 0 15 11 0 0 10 0 0 0 0 
0 0 0 0 0 0 14 0 0 0 0 21 0 0 0 0 0 0 13 0 0 0 9 4 0 
0 0 25 0 0 0 0 0 0 0 20 0 0 0 3 17 23 5 0 0 0 0 0 0 0 
0 18 0 0 12 0 0 0 0 0 0 0 0 17 0 25 22 1 0 0 0 0 0 21 0 
15 0 0 0 0 24 3 0 0 0 22 0 0 8 0 0 0 0 19 0 0 10 0 0 0 
0 0 13 0 9 0 0 0 0 0 0 0 0 0 0 0 11 10 0 21 0 6 0 0 0 
0 5 0 0 7 23 0 0 12 0 0 0 0 0 0 0 0 0 0 0 0 0 8 0 0 
8 0 0 0 16 0 4 0 24 0 0 0 0 0 0 14 0 0 0 0 6 20 15 0 0 
0 0 18 15 2 5 0 11 6 0 0 0 0 0 0 0 0 0 0 0 19 0 0 0 0 
6 0 0 0 0 0 0 0 0 0 24 0 0 0 0 18 0 16 0 0 22 1 0 0 4 
0 0 0 11 0 19 0 0 0 0 0 0 0 0 0 0 0 9 0 0 0 0 0 10 0 
0 11 0 0 0 17 0 24 0 0 19 0 0 10 0 0 0 15 0 0 0 3 2 0 0 
0 0 0 0 14 0 0 0 0 0 4 0 0 0 0 0 0 0 18 0 0 0 0 0 0 
5 0 0 0 0 0 0 0 0 0 0 0 0 0 0 0 0 19 4 0 0 0 17 0 0 
3 0 0 0 0 0 8 0 0 0 0 13 16 5 0 0 0 25 0 14 0 0 19 0 0 
0 0 0 22 0 0 16 0 0 0 0 0 8 15 0 21 0 12 0 0 0 0 0 0 0 
