5 5
0 0 4 0 0 0 0 0 0 19 0 0 0 0 0 0 0 3 18 22 0 0 0 0 0 
0 18 0 0 0 0 0 0 0 2 20 0 0 25 0 0 0 0 0 0 0 5 0 0 22 
0 3 11 17 16 13 0 0 0 23 6 0 22 0 0 0 0 0 0 7 0 0 1 21 0 
5 0 0 0 0 0 0 0 0 9 0 0 0 4 0 0 0 0 0 0 0 3 0 17 0 
0 0 0 0 0 0 0 8 0 0 0 17 0 0 0 0 9 0 0 0 0 0 0 10 0 
0 0 0 0 0 0 21 16 10 0 15 0 17 0 0 5 0 0 0 8 0 0 0 0 0 
11 0 0 6 0 0 0 0 0 0 0 18 0 0 20 0 0 0 0 0 0 1 0 0 8 
0 0 0 0 0 0 0 1 0 4 0 0 0 0 0 0 0 21 0 0 0 0 0 0 0 
0 0 0 8 0 0 0 0 0 0 0 0 0 0 0 4 0 20 25 0 0 14 17 16 0 
0 0 0 22 0 0 0 0 0 0 8 0 0 0 0 0 0 0 0 0 0 0 0 7 0 
0 0 0 0 0 5 0 0 0 0 0 15 0 0 0 0 0 0 0 0 0 0 0 0 0 
0 0 0 4 0 0 0 0 24 0 0 0 0 0 0 0 0 18 12 0 0 9 0 0 21 
8 20 0 16 0 0 0 12 15 1 25 23 0 0 0 0 0 0 0 0 0 0 0 0 6 
9 17 0 0 22 0 0 0 0 20 10 0 0 0 0 3 23 24 0 0 0 0 0 0 0 
0 0 0 21 18 0 0 0 7 0 0 8 0 1 0 0 6 0 19 0 5 0 11 0 24 
0 0 0 0 17 22 6 0 0 24 0 19 0 0 4 0 0 0 0 20 0 23 25 0 7 
0 0 5 0 0 0 14 0 0 0 0 24 23 0 0 8 19 0 0 0 0 13 0 0 0 
13 15 0 0 14 0 0 2 17 0 0 0 0 18 0 0 0 0 1 0 3 0 0 0 0 
0 0 0 0 24 0 0 0 0 18 0 0 0 0 1 0 0 0 3 0 0 17 22 11 19 
20 0 0 0 25 0 0 0 0 0 0 0 8 0 2 0 10 0 0 0 21 0 9 0 0 
0 0 0 0 10 9 24 0 0 17 0 0 13 0 0 0 0 0 0 0 0 0 0 0 0 
21 0 0 13 0 23 0 0 0 0 0 3 0 0 0 0 0 0 0 0 0 0 0 22 0 
0 0 0 2 0 25 0 0 0 0 0 1 0 9 0 17 0 0 0 0 0 21 3 0 0 
0 11 0 25 0 0 0 7 13 0 0 16 0 0 17 0 0 0 0 0 0 0 2 19 0 
0 0 20 0 0 0 0 0 0 0 0 0 0 0 0 0 15 0 0 0 0 0 0 6 0 
