5 5
0 0 0 0 17 2 25 0 4 0 0 13 0 0 0 0 24 0 0 7 0 15 3 0 0 
15 0 11 0 0 6 0 0 0 18 1 0 0 0 14 25 0 0 0 0 0 0 5 0 0 
0 13 0 0 0 0 1 0 0 0 23 0 5 0 0 0 0 22 0 4 0 0 0 14 21 
0 0 0 0 22 0 0 0 0 0 0 0 0 24 3 0 0 14 2 0 0 0 0 18 0 
0 0 0 0 0 14 0 19 0 0 0 0 0 6 0 9 0 0 0 0 0 7 0 0 0 
0 0 0 0 0 0 0 0 0 0 0 0 0 0 11 0 0 20 0 6 7 0 13 0 0 
0 0 6 0 0 0 15 0 3 13 0 7 0 0 0 0 0 0 0 0 0 20 23 0 18 
0 0 0 0 0 0 0 0 0 23 0 0 0 0 21 0 0 0 0 0 0 0 0 0 0 
0 16 15 0 0 8 0 18 0 9 0 0 0 0 23 0 17 25 0 0 0 0 22 0 0 
3 4 12 0 24 0 20 0 1 0 25 2 0 22 5 0 0 0 0 0 0 0 17 0 0 
0 0 0 0 0 0 0 0 0 0 0 0 0 12 0 0 9 0 0 0 2 0 7 0 4 
0 0 0 0 20 0 0 0 0 0 0 0 10 1 0 0 0 0 0 12 0 24 0 0 22 
0 0 0 23 0 17 0 0 0 0 0 0 0 0 0 0 0 0 6 0 25 19 0 0 0 
1 0 10 0 14 3 0 0 0 0 19 5 0 9 0 2 16 0 0 0 0 0 0 0 0 
0 0 4 0 8 5 0 0 0 24 0 0 14 0 0 0 0 0 0 0 0 0 18 0 0 
0 24 0 0 0 0 18 12 0 0 0 11 9 0 0 17 0 2 22 0 0 6 0 0 0 
0 2 0 0 0 0 0 11 0 0 0 22 0 0 7 0 0 3 5 0 0 0 25 0 0 
0 11 0 21 0 0 0 5 0 0 10 0 0 0 0 0 0 0 0 0 0 0 0 0 0 
0 0 0 0 0 0 16 6 0 0 0 20 0 0 0 0 19 0 15 0 23 0 4 0 2 
20 0 13 0 0 0 0 8 0 0 0 14 0 0 0 0 0 0 1 0 17 0 0 0 0 
14 7 0 0 0 16 0 0 0 0 0 0 0 11 0 1 0 0 0 8 0 21 12 0 0 
6 1 16 0 0 0 0 25 0 0 0 0 0 0 0 19 0 0 0 15 0 0 0 0 0 
0 0 0 0 3 10 0 0 0 0 0 24 0 0 8 0 0 5 0 0 13 1 0 0 0 
12 0 0 0 5 0 0 0 21 20 0 0 0 2 0 10 0 0 0 0 0 9 0 0 0 
4 0 0 0 0 12 2 0 0 0 7 0 0 25 13 0 0 0 0 0 0 0 0 0 0 
