5 5
0 9 0 0 0 0 11 0 0 0 0 0 0 20 0 0 0 12 0 6 0 16 18 0 0 
16 0 0 0 1 6 0 0 23 0 0 4 0 0 17 0 0 11 0 0 0 0 0 0 0 
0 0 2 7 13 0 0 0 3 0 11 18 23 0 0 15 0 0 0 0 0 0 0 0 0 
0 0 0 0 0 0 24 0 0 0 0 0 0 0 0 0 0 0 7 0 0 0 13 23 0 
17 0 4 23 19 0 0 0 1 0 14 15 0 0 0 10 0 22 0 0 7 0 0 0 0 
0 1 0 0 0 0 0 0 0 0 23 0 0 0 0 0 0 0 4 0 0 0 0 0 8 
0 0 0 0 0 0 0 0 25 0 0 0 2 24 0 17 5 0 0 0 0 0 9 0 15 
0 11 16 0 6 8 0 0 14 0 3 0 21 0 0 7 0 20 0 0 1 0 0 0 0 
0 0 25 0 0 0 0 0 0 0 0 16 0 1 18 0 0 2 0 0 14 13 0 0 0 
0 0 0 0 10 0 23 21 13 0 0 6 0 0 0 0 0 0 1 0 24 25 0 0 0 
0 0 24 0 0 0 0 0 0 0 0 0 1 0 0 0 0 8 11 0 0 0 0 7 0 
0 0 0 2 0 15 13 17 0 0 0 0 0 4 25 19 0 3 6 0 0 0 0 11 0 
10 7 0 19 0 23 2 0 11 0 20 17 0 0 0 9 0 0 0 0 4 0 0 22 16 
3 0 0 0 0 0 0 0 0 10 0 0 0 0 0 0 0 0 0 0 2 0 0 0 0 
0 0 0 16 0 0 0 0 0 8 0 0 18 9 0 0 10 1 0 0 0 0 12 0 0 
14 5 0 0 0 19 0 0 0 9 24 20 0 0 0 22 0 0 0 0 0 10 0 0 0 
0 4 0 0 0 1 0 18 0 0 0 23 11 2 0 13 17 0 0 0 0 9 5 0 0 
0 0 0 0 0 0 0 11 0 0 0 0 0 12 0 0 0 0 0 18 3 0 19 21 1 
15 21 0 0 0 0 0 0 22 0 0 0 0 0 0 0 16 0 3 0 0 7 0 0 0 
0 0 0 11 0 12 0 0 0 0 0 0 19 13 0 0 0 0 0 4 0 0 0 0 22 
6 14 0 24 0 0 0 0 0 0 0 0 0 0 19 0 0 0 15 0 0 23 0 0 0 
0 0 0 0 0 0 12 1 0 20 0 0 0 0 0 0 8 0 0 19 5 14 4 0 0 
0 0 0 13 0 0 0 0 0 18 0 22 0 0 0 14 25 21 0 0 0 6 0 0 10 
0 0 0 0 16 0 0 0 4 0 0 3 15 25 0 0 0 0 0 0 0 0 0 0 0 
0 0 12 0 22 0 0 0 0 0 10 0 9 14 0 0 24 0 0 1 0 0 0 0 0 
