5 5
0 0 0 0 15 0 0 17 21 0 4 6 0 0 0 0 0 0 18 0 0 0 0 14 0 
0 13 3 0 0 0 0 0 0 0 0 0 25 0 14 0 0 0 0 0 0 0 0 8 22 
0 0 0 0 0 0 0 0 0 0 12 0 0 0 0 0 0 0 0 0 0 0 0 0 24 
1 17 8 0 0 0 0 4 19 25 0 0 10 16 23 0 24 0 11 21 0 2 0 0 9 
0 0 0 14 0 5 0 0 10 0 0 2 0 18 0 0 17 0 0 0 0 0 13 0 7 
0 0 0 0 0 0 0 9 0 0 0 0 0 0 11 16 6 19 0 5 0 0 0 0 15 
0 15 6 0 4 19 0 1 0 0 0 0 0 0 12 0 0 0 0 0 2 24 0 0 0 
0 2 0 0 8 0 0 18 6 0 0 13 0 14 1 0 0 0 0 0 21 7 9 0 10 
0 0 0 5 13 16 0 0 0 0 0 0 0 0 0 20 0 10 0 24 0 0 1 0 0 
0 0 10 0 22 0 7 0 24 0 0 0 5 0 19 0 9 0 0 0 0 0 0 0 0 
6 0 0 0 2 0 18 0 0 16 0 24 0 20 0 0 21 13 0 0 0 0 19 0 0 
0 0 0 0 17 0 0 3 0 0 0 19 0 0 0 0 0 0 0 0 4 0 0 13 14 
0 0 5 0 9 0 0 0 0 4 0 16 0 0 0 0 0 0 12 0 0 0 0 0 0 
0 0 0 0 0 0 0 0 0 0 7 21 0 8 0 3 0 0 15 0 18 0 0 0 11 
0 0 0 4 0 0 21 13 0 0 0 0 0 0 15 0 0 2 22 0 0 0 0 0 0 
0 24 0 0 0 0 0 0 0 2 0 0 8 0 0 0 0 0 13 14 0 15 0 18 0 
0 0 9 0 19 0 14 0 0 0 0 18 0 0 0 0 0 0 6 0 0 0 0 0 0 
2 0 25 0 0 3 0 0 0 0 0 0 0 19 6 0 0 15 23 0 1 0 0 21 8 
3 5 0 0 0 9 24 0 20 18 0 0 0 11 0 0 0 0 0 0 0 0 0 0 0 
0 0 0 18 6 0 0 0 0 0 0 20 1 0 0 11 8 0 2 10 7 0 0 3 0 
0 0 24 0 0 7 0 0 15 10 0 4 0 0 25 12 0 0 0 22 0 0 0 0 0 
20 0 0 8 25 0 0 12 0 0 6 0 0 2 0 0 0 0 0 0 11 10 0 0 0 
0 0 0 0 0 0 0 0 0 3 21 0 14 0 0 13 0 0 0 9 8 0 7 19 0 
13 0 0 7 0 0 1 0 0 24 0 11 0 0 0 25 0 23 0 0 0 0 0 5 0 
0 19 0 11 0 0 0 23 0 0 0 22 0 0 0 10 14 0 0 4 0 0 24 0 18 
