5 5
0 20 10 17 0 11 0 19 0 9 8 0 0 0 0 5 0 0 0 0 0 0 16 0 0 
0 0 1 0 0 0 6 0 0 25 14 13 22 0 0 0 0 0 0 0 11 0 0 5 23 
22 3 0 0 0 0 23 0 16 0 0 0 0 0 0 0 0 1 0 20 14 24 0 0 0 
0 12 24 0 0 0 0 0 0 0 0 25 0 11 0 0 0 22 0 0 0 7 0 0 0 
0 18 21 5 11 4 24 0 0 0 0 3 0 0 0 0 0 0 7 0 9 1 0 0 25 
0 23 3 0 17 0 0 0 0 15 22 0 1 0 0 0 0 0 0 0 0 0 0 0 5 
19 6 0 0 4 0 0 0 0 11 0 0 0 10 0 0 0 17 15 0 0 0 0 0 22 
15 0 0 0 0 16 0 23 0 0 0 0 0 0 0 0 22 0 4 0 25 0 7 0 13 
11 0 22 16 0 13 0 5 9 0 0 0 8 0 0 12 0 24 1 0 0 0 0 10 0 
0 0 20 2 0 0 0 25 14 0 19 0 21 6 0 0 23 0 18 0 0 0 8 17 15 
0 0 0 0 0 0 0 20 0 23 0 0 5 12 0 0 7 0 0 10 0 19 0 0 0 
21 0 0 0 0 7 19 0 0 0 0 0 0 0 0 2 0 0 0 24 18 10 0 0 0 
13 0 0 0 0 17 0 0 0 0 0 0 15 0 10 0 0 12 21 0 0 22 14 0 3 
0 0 0 11 0 0 0 0 18 0 0 0 9 0 0 0 0 5 8 25 4 0 0 0 0 
0 0 12 0 0 0 0 11 3 0 0 0 0 22 6 19 0 20 0 0 0 0 1 0 0 
0 0 0 0 0 6 0 0 0 12 0 0 0 0 0 0 3 14 2 0 23 0 0 0 0 
20 0 0 0 0 25 0 0 0 13 0 17 0 9 0 0 4 0 24 0 0 6 0 0 0 
5 21 0 0 10 0 18 0 0 7 0 0 0 24 16 11 0 0 0 19 8 0 13 0 0 
2 4 0 0 0 0 16 0 0 20 0 0 0 0 0 0 10 0 0 23 22 25 11 0 0 
16 0 0 0 14 0 10 3 0 0 1 0 0 0 0 21 25 0 17 7 24 0 0 9 0 
0 22 0 20 0 0 1 6 13 0 0 0 3 4 0 0 0 0 0 0 0 0 0 0 0 
0 1 5 9 0 0 11 0 4 0 0 6 25 0 0 17 0 0 13 0 0 0 0 0 0 
0 0 0 24 0 0 25 0 0 8 0 18 0 17 0 0 0 0 11 0 5 0 0 0 0 
6 0 4 0 0 5 0 0 0 21 0 0 0 0 0 0 14 8 0 0 0 0 0 1 10 
0 0 0 0 0 0 20 10 7 0 0 0 0 0 5 0 0 23 12 0 21 0 0 0 0 
