5 5
13 0 0 1 0 0 0 0 0 19 8 0 3 0 0 22 0 0 0 0 0 0 15 0 0 
0 0 20 0 10 0 0 2 21 5 0 0 0 16 0 0 0 6 0 0 0 0 19 4 0 
0 0 0 0 16 0 0 11 0 0 14 0 17 0 0 0 0 23 0 0 0 5 3 0 21 
0 11 6 0 25 9 0 0 0 0 20 2 24 0 22 17 0 0 14 0 0 12 0 0 0 
0 0 0 0 24 3 20 0 17 15 0 0 0 0 0 0 7 0 0 0 18 6 0 16 0 
0 0 17 7 4 0 0 14 0 0 0 0 0 0 0 0 0 0 0 0 0 0 0 2 10 
8 0 0 3 18 22 0 0 0 0 5 4 0 0 12 0 0 0 0 0 1 0 0 0 19 
0 21 0 0 6 0 16 0 19 0 0 0 8 0 0 0 0 0 0 0 5 0 18 13 0 
11 22 0 0 0 0 0 0 0 12 0 7 0 0 10 9 17 0 1 25 0 0 0 0 4 
16 0 0 0 0 1 4 10 0 0 0 0 9 15 0 0 0 0 0 0 14 0 11 0 25 
0 0 0 0 0 0 3 19 10 9 0 0 21 0 5 15 0 20 0 1 13 7 0 8 18 
24 0 0 0 0 25 0 12 11 14 9 0 0 0 23 0 0 0 0 0 0 0 0 0 0 
0 0 0 0 2 0 21 0 13 0 0 12 15 0 0 0 0 0 24 4 0 9 0 3 0 
0 0 0 0 8 0 0 0 5 0 0 16 14 13 0 0 0 0 3 0 0 0 20 25 0 
12 0 0 0 0 0 17 0 0 0 0 0 0 0 1 0 0 16 9 0 0 0 0 0 0 
15 0 0 0 0 5 19 0 0 0 0 0 18 0 6 13 1 0 16 0 0 23 9 0 0 
0 0 12 0 17 0 14 25 0 0 23 0 4 10 19 0 0 0 0 0 0 0 0 21 0 
0 0 0 0 0 16 0 0 0 0 0 20 0 9 7 4 0 0 23 24 0 13 0 0 8 
0 24 0 0 23 8 0 0 7 0 0 11 0 1 0 0 0 0 0 18 10 3 12 0 0 
19 0 8 21 3 0 0 0 18 0 0 0 0 25 0 6 10 11 0 14 0 0 0 15 0 
2 0 0 16 0 0 0 13 0 0 0 0 0 20 0 0 18 12 0 9 0 11 0 0 0 
0 0 4 0 0 0 25 0 0 0 0 10 0 0 18 2 0 0 0 0 9 21 0 0 0 
25 23 0 0 0 0 18 15 0 0 4 17 0 0 11 1 8 0 0 21 0 22 0 0 14 
10 0 7 0 0 0 0 0 4 0 15 0 0 0 0 19 20 0 0 5 0 0 1 0 0 
0 0 0 8 0 0 0 24 0 0 16 0 12 0 21 0 0 14 0 0 0 0 0 7 5 
