5 5
13 20 8 23 0 0 0 2 0 0 0 7 0 0 0 0 0 0 0 22 15 0 0 6 21 
0 0 0 0 0 0 0 0 7 11 0 0 0 0 0 0 19 0 12 4 0 0 8 0 2 
0 0 0 0 11 15 0 0 13 0 0 10 0 0 18 0 0 0 20 0 23 0 3 0 22 
0 0 0 0 0 20 17 0 19 0 14 24 0 0 0 0 0 0 0 9 25 12 11 0 0 
18 0 0 0 1 0 0 0 22 6 2 0 13 5 0 0 0 0 0 0 0 0 0 0 4 
0 0 1 0 7 25 0 19 8 0 0 2 24 0 6 4 0 20 0 0 0 0 0 18 5 
0 0 0 11 0 0 0 21 0 0 0 0 22 14 0 18 23 0 0 24 0 0 0 0 3 
0 0 0 6 0 0 24 0 3 13 8 15 0 0 0 0 0 0 25 0 22 19 4 0 0 
21 5 0 0 2 0 16 0 0 0 0 0 9 11 0 0 15 6 17 0 14 7 0 0 1 
0 0 0 10 0 4 0 0 14 0 0 0 18 0 25 0 0 0 0 0 8 24 0 0 11 
0 0 20 0 0 0 0 0 0 0 5 0 0 10 3 0 0 0 19 23 12 0 0 17 24 
0 22 0 4 3 9 0 0 0 0 0 0 0 0 0 13 17 7 1 18 0 0 15 0 10 
0 0 0 0 0 7 0 0 1 0 0 0 0 17 0 9 12 0 0 0 0 0 6 11 0 
0 2 5 9 0 0 0 3 0 0 0 0 0 0 0 0 0 0 21 0 0 8 22 0 0 
0 25 0 0 0 0 6 0 0 0 0 0 8 24 4 0 0 0 0 0 18 0 14 0 0 
0 1 0 0 5 12 13 0 0 19 0 16 11 0 0 24 0 0 0 0 0 0 0 0 0 
0 0 16 12 0 0 0 17 0 1 0 3 0 23 0 5 21 0 22 15 0 2 0 0 18 
9 24 0 0 0 0 14 11 2 0 0 0 10 0 0 6 13 0 0 0 17 0 0 20 0 
0 0 10 8 15 0 0 4 24 0 0 0 6 25 21 0 0 0 16 0 0 0 0 14 7 
19 0 0 0 0 0 0 0 9 21 22 0 0 12 24 14 2 0 0 0 0 0 13 0 15 
22 0 0 0 0 19 15 0 0 0 0 0 3 0 11 0 0 0 0 0 9 5 1 24 0 
7 0 25 24 0 0 0 0 6 0 21 13 4 0 0 0 14 19 0 0 0 0 0 0 0 
8 4 13 0 0 24 0 0 0 18 0 0 0 0 0 0 0 17 0 0 19 21 0 0 12 
0 0 0 16 0 10 0 0 0 0 17 0 0 0 1 7 0 23 0 0 0 0 0 0 0 
0 3 0 0 0 14 0 20 0 2 24 0 12 8 19 22 0 9 0 0 0 16 10 0 0 
