5 5
0 20 0 10 0 0 14 21 0 0 25 0 0 0 0 0 6 3 0 0 24 17 0 16 0 
0 24 0 0 0 10 16 0 0 4 18 22 20 23 0 0 0 0 0 15 19 8 0 0 0 
0 8 0 0 0 0 18 17 22 7 3 12 0 19 9 0 0 0 21 16 6 0 0 0 0 
0 0 0 5 2 0 0 0 0 0 16 0 0 0 1 0 14 13 22 0 3 4 0 0 0 
0 0 15 0 13 0 0 0 0 0 2 10 0 0 0 4 0 0 0 23 0 22 0 0 0 
0 0 0 0 4 16 0 20 7 0 0 19 3 22 6 0 11 23 0 10 0 0 5 15 0 
25 19 0 0 0 4 0 23 3 10 0 21 16 24 14 0 0 0 0 0 0 0 0 9 0 
0 0 0 8 0 0 0 0 1 0 0 0 4 0 13 14 12 0 9 0 0 0 0 11 2 
0 0 0 2 0 0 0 19 18 0 0 0 0 0 0 0 0 25 7 0 22 0 21 0 16 
0 14 9 13 24 0 15 0 11 22 0 0 0 2 5 0 18 0 0 0 0 19 12 0 0 
0 22 0 0 17 24 0 0 20 0 0 0 10 0 0 8 0 0 0 5 0 12 0 13 0 
14 16 0 15 0 0 0 10 0 13 0 0 24 0 0 25 0 0 20 0 17 11 0 0 0 
0 1 23 0 0 0 0 14 0 21 8 16 0 6 0 3 0 10 0 0 15 0 0 0 0 
6 9 0 0 19 0 0 2 0 3 22 0 0 0 0 15 0 24 11 0 23 20 0 0 0 
0 12 7 0 0 6 0 0 0 0 0 13 0 11 25 0 0 0 0 9 2 0 1 0 19 
0 10 0 0 0 23 25 13 0 0 0 14 0 0 0 18 0 0 0 12 16 0 0 17 22 
12 0 0 0 0 15 8 0 14 0 0 9 0 0 0 0 3 11 17 0 20 13 0 19 25 
16 0 0 0 0 0 6 0 17 0 0 0 11 4 0 0 1 0 0 0 0 0 0 5 24 
0 0 0 0 5 0 22 0 0 0 0 0 19 0 0 0 0 0 13 0 0 18 0 1 0 
3 0 0 17 0 12 0 0 5 24 0 23 1 0 0 7 15 0 0 14 8 0 0 0 0 
0 15 0 3 0 11 0 0 0 0 0 0 0 8 0 19 0 0 1 20 12 5 2 10 0 
0 0 0 20 0 0 0 6 0 0 15 0 5 0 4 10 0 22 0 13 7 0 14 21 3 
0 0 13 0 0 0 0 0 8 16 20 6 0 0 0 0 5 0 0 25 0 23 0 0 4 
0 6 0 0 22 0 12 0 0 9 7 0 21 0 0 0 0 4 0 0 0 0 8 0 0 
18 0 11 0 21 7 0 5 0 0 9 0 23 0 0 0 2 12 0 0 1 0 0 20 0 
