5 5
10 0 0 4 0 0 0 0 23 8 5 3 0 0 0 0 7 21 0 0 0 0 16 13 17 
0 13 0 0 0 0 24 16 20 0 25 23 0 0 0 0 0 0 19 3 10 0 18 0 0 
0 23 14 0 0 1 0 15 6 0 0 0 0 0 0 4 0 0 0 22 12 25 19 0 5 
0 0 1 19 0 0 0 11 0 17 0 13 0 0 0 0 8 0 6 9 0 20 0 7 0 
0 25 0 18 0 0 0 0 0 4 24 17 0 0 0 0 0 0 14 12 1 3 2 11 0 
15 0 18 12 0 0 25 14 0 0 0 5 0 6 1 19 0 0 16 11 7 23 0 0 0 
0 0 0 0 0 15 18 0 10 21 0 0 0 0 0 0 12 0 9 0 0 0 25 4 11 
0 4 0 21 0 0 0 0 0 0 23 0 8 0 0 17 0 0 20 0 0 0 22 10 13 
25 22 0 7 6 0 8 0 0 0 0 0 9 0 0 0 4 3 0 23 14 15 0 17 21 
0 0 8 5 2 0 0 0 16 0 18 22 0 0 0 25 0 15 0 0 3 0 0 0 0 
9 0 5 0 0 13 6 0 4 11 0 0 15 0 23 0 19 0 0 0 0 14 0 0 0 
2 0 0 0 11 20 0 0 0 0 0 4 0 19 3 0 0 0 23 14 0 0 10 21 0 
24 0 3 0 1 22 0 8 19 0 16 0 21 0 0 20 0 13 5 0 0 0 0 0 0 
8 0 12 0 18 5 0 7 21 0 0 0 22 0 0 0 0 0 15 0 0 0 0 0 0 
0 0 0 0 0 0 0 23 18 10 0 12 0 5 0 0 16 0 0 0 20 6 0 0 19 
0 14 0 22 7 8 0 12 0 0 0 2 6 0 0 1 0 16 21 0 0 0 4 0 0 
0 0 0 2 13 0 19 0 0 0 11 0 17 0 4 0 6 20 0 0 0 0 0 14 3 
6 1 0 0 0 0 2 13 0 0 0 0 0 0 9 0 0 24 11 0 19 0 21 22 0 
17 0 0 0 0 0 3 9 1 5 14 0 23 0 22 7 25 8 0 0 0 18 24 20 0 
0 5 0 0 3 0 21 0 0 7 0 0 0 12 0 0 0 18 0 15 8 16 0 1 6 
0 0 0 1 0 0 0 0 12 0 0 0 0 25 10 15 0 11 0 0 0 22 0 0 0 
0 0 16 0 0 0 0 0 14 0 0 0 0 0 0 9 0 0 3 0 17 5 0 0 0 
3 0 21 25 22 19 0 0 2 0 0 8 16 0 0 14 1 17 0 24 0 0 6 12 0 
0 2 24 0 0 9 0 20 7 6 0 1 0 0 21 18 0 0 0 16 0 0 15 0 0 
19 18 4 0 0 3 1 24 0 0 0 0 0 14 17 0 0 0 12 0 13 0 7 25 0 
