5 5
0 0 0 0 1 2 0 0 0 0 0 0 14 9 23 0 0 15 0 13 25 0 10 16 18 
6 11 3 0 24 0 19 0 0 10 0 0 22 16 0 0 2 0 0 21 0 7 1 0 0 
13 0 0 0 0 0 7 17 3 23 24 10 0 11 1 22 4 12 0 5 19 0 0 0 9 
14 16 0 22 0 0 0 0 4 15 0 0 0 0 19 0 0 8 0 0 0 2 0 0 0 
0 0 15 0 19 0 0 5 0 12 0 17 0 2 21 23 0 0 24 0 13 0 0 0 0 
0 0 18 0 22 0 5 20 6 0 0 9 0 24 0 0 10 13 3 0 8 0 0 0 0 
0 0 0 0 9 0 16 0 17 22 23 3 0 13 12 7 0 21 8 0 1 4 5 14 0 
25 0 0 7 0 3 24 21 14 8 0 0 0 0 0 0 0 0 23 0 10 0 22 0 6 
3 0 8 13 0 7 0 0 0 0 0 0 0 25 0 5 0 0 4 15 0 20 0 0 0 
0 1 0 12 16 0 13 0 0 0 2 0 0 0 0 0 0 19 0 0 0 15 0 0 7 
0 0 11 0 0 0 0 0 0 17 18 19 0 0 0 10 16 0 9 6 20 24 23 0 0 
0 0 0 6 7 19 3 0 0 0 16 0 0 23 0 2 0 0 0 20 0 18 13 0 0 
0 18 0 0 20 0 0 13 0 2 0 14 9 10 0 19 25 23 0 3 7 8 0 15 0 
19 2 0 10 0 1 0 0 5 0 0 0 0 0 24 0 7 0 22 0 0 0 6 0 0 
0 0 23 17 0 10 14 16 0 20 7 1 12 0 11 0 15 0 5 0 0 0 0 3 4 
0 0 0 0 0 15 0 1 0 5 0 0 0 17 9 0 0 0 0 19 0 6 18 24 3 
1 0 0 0 13 0 18 11 8 7 0 21 16 0 5 0 0 0 25 4 0 0 0 0 0 
7 19 22 0 10 0 0 23 25 0 0 0 0 0 15 0 6 0 0 0 0 0 0 0 12 
5 12 0 20 0 21 17 24 0 0 22 0 0 19 3 0 0 10 11 0 23 0 4 1 0 
18 0 16 0 0 0 22 0 0 6 0 0 0 0 4 0 21 0 14 9 0 10 0 0 0 
0 8 0 0 0 0 0 0 0 13 0 0 0 0 0 14 0 4 0 17 11 5 20 0 0 
23 4 0 16 0 0 11 12 0 0 25 0 0 1 8 0 0 0 0 0 14 0 9 10 0 
0 9 19 21 5 0 20 0 18 0 0 0 15 0 10 6 0 11 1 0 0 0 0 0 0 
0 0 1 0 11 0 0 9 19 0 5 6 0 0 0 16 0 24 0 0 2 0 0 0 15 
0 3 2 0 0 22 0 0 10 0 0 0 11 7 0 0 0 0 0 0 4 0 0 13 24 
